,TotalSample,RNAseq.Olf,RNAseq.NonOlf,TCGA.Olf,TCGA.NonOlf,Syn.Olf,Syn.Olf.S,Non_syn.Olf,Non_syn.Olf.S,Total.Olf,Syn.NonOlf,Syn.NonOlf.S,Non_syn.NonOlf,Non_syn.NonOlf.S,Total.NonOlf,Total.Syn,Total.NonSyn,Total.Mut
ACC,23,10,186,2,54,0,0,2,2,2,15,5,46,19,48,15,48,63
BLCA,288,57,234,55,188,65,54,122,91,187,251,155,352,194,474,316,474,790
BRCA,434,102,248,97,193,106,84,243,173,349,175,123,344,222,587,281,587,868
CESC,141,22,214,18,146,10,9,35,19,45,124,72,196,92,231,134,231,365
CHOL,5,9,165,0,6,0,0,0,0,0,1,1,5,4,5,1,5,6
COAD,330,108,240,107,208,192,95,523,189,715,378,152,921,236,1444,570,1444,2014
DLBC,13,9,147,1,15,0,0,1,1,1,6,5,17,10,18,6,18,24
ESCA,119,46,213,35,101,19,17,46,37,65,44,39,134,81,180,63,180,243
GBM,180,16,205,13,144,9,7,36,30,45,82,51,228,118,264,91,264,355
HNSC,279,30,210,25,159,32,30,64,55,96,162,109,323,194,387,194,387,581
KICH,8,11,168,0,14,0,0,0,0,0,4,3,10,6,10,4,10,14
KIRC,135,90,235,42,90,16,16,45,41,61,40,36,83,73,128,56,128,184
KIRP,82,33,206,10,73,4,4,8,8,12,27,26,62,51,70,31,70,101
LAML,14,68,191,17,26,8,4,9,5,17,9,8,18,8,27,17,27,44
LGG,139,32,218,26,133,17,11,39,25,56,68,44,159,80,198,85,198,283
LIHC,162,24,207,22,120,15,14,33,32,48,60,47,159,108,192,75,192,267
LUAD,444,63,239,63,203,229,157,543,268,772,435,245,956,345,1499,664,1499,2163
LUSC,424,38,237,37,200,136,108,293,199,429,348,223,712,346,1005,484,1005,1489
MESO,13,11,187,3,10,1,1,2,2,3,3,3,7,6,9,4,9,13
OV,182,42,210,34,117,19,19,48,42,67,65,58,171,110,219,84,219,303
PAAD,45,17,218,12,103,0,0,15,5,15,38,18,105,25,120,38,120,158
PCPG,9,16,212,2,7,1,1,1,1,2,1,1,5,5,6,2,6,8
PRAD,114,63,197,37,87,17,13,44,28,61,32,18,106,63,150,49,150,199
READ,68,10,181,9,105,3,3,10,4,13,45,21,171,60,181,48,181,229
SARC,74,42,234,18,89,7,6,21,19,28,31,25,84,45,105,38,105,143
SKCM,411,43,229,41,199,577,232,703,277,1280,1191,322,1437,340,2140,1768,2140,3908
STAD,318,80,228,79,192,139,102,380,184,519,327,143,767,231,1147,466,1147,1613
TGCT,14,28,198,1,12,0,0,1,1,1,1,1,12,12,13,1,13,14
THCA,33,19,187,3,32,1,1,4,4,5,13,12,21,18,25,14,25,39
THYM,12,19,192,3,13,0,0,3,3,3,2,1,11,9,14,2,14,16
UCEC,365,117,247,115,218,586,143,1794,223,2380,1080,202,2729,284,4523,1666,4523,6189
UCS,25,15,196,6,42,3,2,6,3,9,11,8,39,17,45,14,45,59
UVM,4,6,125,0,5,0,0,0,0,0,1,1,6,4,6,1,6,7
PAN,4907,265,282,244,248,2212,1133,5074,1971,7286,5070,2178,10396,3416,15470,7282,15470,22752
